55402020

97454144
69393422
66952837
99945419

66616147
66906139
66989084
66122260
66906139
98824010
66037394
99968420
55154455
96963461
55154574
66660307
99635736
50749855
65181058
65033111
51698260
65155022
55154455
90903464
55691105
66830759
97835339
66525459
95572567
96975072
51698260
99140106
55067378
67771947
66660307
98849981
66868801
55340066
66705350
90971731
66589521
55443960
97461961
65181058

60088223
55860933

99635736
51698260
65668867
99512259
66814502
55149044
66612931
99828550
55442646
55398336
98839839
51189411
99713146
97575866
55006801
66814502
99434921
51698260
50857176
97461961
65999414
65155022
50227193

98972202
94943535

96677073
50884813

60697775
90033523
99199173

50565455
67786198

96999240
90087909
97133085
60308870
96940401
55135777
50651911
55357996
50105553
65042669
94448875
55097917
55537799
50730530
99582202
51698260
97466061
97646619
50657596
60024658
69965140
96680277
51511414
97461961
67799193
55154455
90971139
99377963
97571834
99798181
99366062
57323333
99214918
67090469
50505138

99945419
55340066
69393422
97454144

67000139
66556949
97118511
94414033
90004527
99331103
50707083
55738666
65767333
96655094
98080977
99635736
99979075
97296624
90985002
94959086
96004434
60983609
99582202
55757213
51062651
94935316
99238036
97642421
51399911
94093662
55707058
96649077
94460221
66380038
66464201
60310983
99251360
96981700
99114147
99004349
95563699
66530127
66402210
94496347
96041680
66177311
96663970
97855551
98818558
66430210
94987662
96044883
99652105
99600096
51680545
50057425
66542557
60423921
69699211
66797033
67669352
55816363
66379997
60665875